%"Time"	"0 Channel 1"
2214.645632	23.738892
2214.845600	23.571045
2215.045568	23.555786
2215.245536	23.601563
2215.445504	23.571045
2215.645472	23.693115
2215.845440	23.616821
2216.045408	23.708374
2216.245376	23.586304
2216.445344	23.632080
2216.645312	23.601563
2216.845280	23.540527
2217.045248	23.448975
2217.245216	23.448975
2217.445184	23.433716
2217.645152	23.601563
2217.845120	23.479492
2218.045088	23.586304
2218.245056	23.677856
2218.445024	23.632080
2218.644992	23.433716
2218.844960	23.586304
2219.044928	23.586304
2219.244896	23.647339
2219.444864	23.586304
2219.644832	23.571045
2219.844800	23.677856
2220.044768	23.738892
2220.244736	23.632080
2220.444704	23.586304
2220.644672	23.525269
2220.844640	23.662598
2221.044608	23.632080
2221.244576	23.693115
2221.444544	23.555786
2221.644512	23.479492
2221.844480	23.540527
2222.044448	23.647339
2222.244416	23.708374
2222.444384	23.723633
2222.644352	23.632080
2222.844320	23.571045
2223.044288	23.433716
2223.244256	23.647339
2223.444224	23.387939
2223.644192	23.586304
2223.844160	23.571045
2224.044128	23.632080
2224.244096	23.677856
2224.444064	22.014648
2224.644032	20.183594
2224.844000	18.520386
2225.043968	17.375977
2225.243936	16.567261
2225.443904	16.170532
2225.643872	15.819580
2225.843840	15.178711
2226.043808	14.934570
2226.243776	14.553101
2226.443744	14.293701
2226.643712	13.820679
2226.843680	13.683350
2227.043648	13.362915
2227.243616	13.088257
2227.443584	12.920410
2227.643552	12.996704
2227.843520	12.783081
2228.043488	12.889893
2228.243456	12.615234
2228.443424	12.432129
2228.643392	12.325317
2228.843360	12.264282
2229.043328	12.203247
2229.243296	12.325317
2229.443264	12.432129
2229.643232	12.203247
2229.843200	12.325317
2230.043168	12.096436
2230.243136	12.081177
2230.443104	12.004883
2230.643072	11.974365
2230.843040	11.837036
2231.043008	11.745483
2231.242976	11.852295
2231.442944	11.638672
2231.642912	11.638672
2231.842880	11.608154
2232.042848	11.592896
2232.242816	11.501343
2232.442784	11.852295
2232.642752	11.547119
2232.842720	11.409790
2233.042688	11.547119
2233.242656	11.455566
2233.442624	11.440308
2233.642592	11.394531
2233.842560	11.394531
2234.042528	11.287720
2234.242496	11.226685
2234.442464	11.257202
2234.642432	11.364014
2234.842400	11.089355
2235.042368	11.104614
2235.242336	11.058838
2235.442304	11.135132
2235.642272	10.921509
2235.842240	11.089355
2236.042208	10.982544
2236.242176	11.013062
2236.442144	10.997803
2236.642112	10.936768
2236.842080	11.058838
2237.042048	10.936768
2237.242016	10.860474
2237.441984	10.890991
2237.641952	11.013062
2237.841920	10.952026
2238.041888	10.936768
2238.241856	10.875732
2238.441824	10.753662
2238.641792	10.860474
2238.841760	10.799438
2239.041728	10.738403
2239.241696	10.768921
2239.441664	10.738403
2239.641632	10.784180
2239.841600	10.677368
2240.041568	10.707886
2240.241536	10.707886
2240.441504	10.524780
2240.641472	10.601074
2240.841440	10.494263
2241.041408	10.616333
2241.241376	10.540039
2241.441344	10.646851
2241.641312	10.662109
2241.841280	10.601074
2242.041248	10.494263
2242.241216	10.540039
2242.441184	10.601074
2242.641152	10.585815
2242.841120	10.509521
2243.041088	10.402710
2243.241056	10.463745
2243.441024	10.540039
2243.640992	10.295898
2243.840960	10.631592
2244.040928	10.723145
2244.240896	10.524780
2244.440864	10.372192
2244.640832	10.585815
2244.840800	10.387451
2245.040768	10.280640
2245.240736	10.372192
2245.440704	10.463745
2245.640672	10.372192
2245.840640	10.372192
2246.040608	10.265381
2246.240576	10.479004
2246.440544	10.372192
2246.640512	10.250122
2246.840480	10.280640
2247.040448	10.402710
2247.240416	10.402710
2247.440384	10.280640
2247.640352	10.372192
2247.840320	10.265381
2248.040288	10.219604
2248.240256	10.356934
2248.440224	10.219604
2248.640192	10.326416
2248.840160	10.189087
2249.040128	10.311157
2249.240096	10.280640
2249.440064	10.173828
2249.640032	10.082275
2249.840000	10.265381
2250.039968	10.158569
2250.239936	10.250122
2250.439904	10.295898
2250.639872	10.189087
2250.839840	10.173828
2251.039808	10.097534
2251.239776	10.250122
2251.439744	10.082275
2251.639712	10.082275
2251.839680	10.219604
2252.039648	10.082275
2252.239616	10.204346
2252.439584	10.295898
2252.639552	9.975464
2252.839520	10.005981
2253.039488	10.112793
2253.239456	10.005981
2253.439424	10.036499
2253.639392	9.975464
2253.839360	10.067017
2254.039328	10.051758
2254.239296	9.914429
2254.439264	10.051758
2254.639232	10.036499
2254.839200	10.021240
2255.039168	9.990723
2255.239136	10.005981
2255.439104	9.975464
2255.639072	9.975464
2255.839040	10.112793
2256.039008	10.082275
2256.238976	10.036499
2256.438944	9.822876
2256.638912	9.990723
2256.838880	9.929688
2257.038848	9.929688
2257.238816	9.899170
2257.438784	9.731323
2257.638752	9.899170
2257.838720	9.914429
2258.038688	9.929688
2258.238656	9.746582
2258.438624	9.777100
2258.638592	9.990723
2258.838560	9.883911
2259.038528	9.990723
2259.238496	9.822876
2259.438464	9.960205
2259.638432	9.914429
2259.838400	9.944946
2260.038368	9.899170
2260.238336	9.883911
2260.438304	9.838135
2260.638272	9.777100
2260.838240	9.838135
2261.038208	9.914429
2261.238176	9.807617
2261.438144	9.853394
2261.638112	9.960205
2261.838080	9.868652
2262.038048	9.822876
2262.238016	9.899170
2262.437984	9.792358
2262.637952	9.731323
2262.837920	9.929688
2263.037888	9.914429
2263.237856	9.731323
2263.437824	9.822876
2263.637792	9.914429
2263.837760	9.685547
2264.037728	9.777100
2264.237696	9.929688
2264.437664	9.822876
2264.637632	9.777100
2264.837600	9.883911
2265.037568	9.975464
2265.237536	9.838135
2265.437504	9.838135
2265.637472	9.899170
2265.837440	9.944946
2266.037408	9.792358
2266.237376	9.807617
2266.437344	9.807617
2266.637312	9.731323
2266.837280	9.624512
2267.037248	9.883911
2267.237216	9.838135
2267.437184	9.838135
2267.637152	9.731323
2267.837120	9.838135
2268.037088	9.914429
2268.237056	9.777100
2268.437024	9.700806
2268.636992	9.716064
2268.836960	9.822876
2269.036928	9.655029
2269.236896	9.624512
2269.436864	9.655029
2269.636832	9.593994
2269.836800	9.746582
2270.036768	9.563477
2270.236736	9.593994
2270.436704	9.761841
2270.636672	9.624512
2270.836640	9.731323
2271.036608	9.670288
2271.236576	9.731323
2271.436544	9.609253
2271.636512	9.822876
2271.836480	9.639771
2272.036448	9.731323
2272.236416	9.761841
2272.436384	9.609253
2272.636352	9.593994
2272.836320	9.700806
2273.036288	9.578735
2273.236256	9.716064
2273.436224	9.700806
2273.636192	9.639771
2273.836160	9.517700
2274.036128	9.593994
2274.236096	9.685547
2274.436064	9.655029
2274.636032	9.777100
2274.836000	9.578735
2275.035968	9.639771
2275.235936	9.655029
2275.435904	9.655029
2275.635872	9.502441
2275.835840	9.578735
2276.035808	9.639771
2276.235776	9.578735
2276.435744	9.639771
2276.635712	9.685547
2276.835680	9.487183
2277.035648	9.517700
2277.235616	9.548218
2277.435584	9.517700
2277.635552	9.578735
2277.835520	9.471924
2278.035488	9.670288
2278.235456	9.624512
2278.435424	9.746582
2278.635392	9.548218
2278.835360	9.593994
2279.035328	9.639771
2279.235296	9.456665
2279.435264	9.593994
2279.635232	9.609253
2279.835200	9.563477
2280.035168	9.578735
2280.235136	9.670288
2280.435104	9.548218
2280.635072	9.624512
2280.835040	9.426147
2281.035008	9.532959
2281.234976	9.517700
2281.434944	9.548218
2281.634912	9.502441
2281.834880	9.395630
2282.034848	9.456665
2282.234816	9.395630
2282.434784	9.563477
2282.634752	9.532959
2282.834720	9.517700
2283.034688	9.563477
2283.234656	9.487183
2283.434624	9.410889
2283.634592	9.456665
2283.834560	9.456665
2284.034528	9.380371
2284.234496	9.456665
2284.434464	9.502441
2284.634432	9.471924
2284.834400	9.380371
2285.034368	9.349854
2285.234336	9.471924
2285.434304	9.609253
2285.634272	9.914429
2285.834240	10.295898
2286.034208	10.768921
2286.234176	11.440308
2286.434144	12.279541
2286.634112	12.798340
2286.834080	13.500244
2287.034048	13.988525
2287.234016	14.797241
2287.433984	15.117676
2287.633952	15.483887
2287.833920	15.850098
2288.033888	16.124756
2288.233856	16.613037
2288.433824	16.735107
2288.633792	16.963989
2288.833760	17.238647
2289.033728	17.604858
2289.233696	17.894775
2289.433664	18.062622
2289.633632	18.367798
2289.833600	18.550903
2290.033568	18.611938
2290.233536	18.947632
2290.433504	19.130737
2290.633472	19.390137
2290.833440	19.649536
2291.033408	20.061523
2291.233376	20.000488
2291.433344	20.153076
2291.633312	20.504028
2291.833280	20.412476
2292.033248	20.519287
2292.233216	20.626099
2292.433184	20.778687
2292.633152	20.793945
2292.833120	20.916016
2293.033088	20.931274
2293.233056	21.160156
2293.433024	21.251709
2293.632992	21.099121
2293.832960	21.328003
2294.032928	21.434814
2294.232896	21.373779
2294.432864	21.389038
2294.632832	21.602661
2294.832800	21.724731
2295.032768	21.389038
2295.232736	21.556885
2295.432704	21.633179
2295.632672	21.770508
2295.832640	21.739990
2296.032608	21.724731
2296.232576	21.724731
2296.432544	21.877319
2296.632512	21.801025
2296.832480	21.984131
2297.032448	21.953613
2297.232416	21.938354
2297.432384	21.999390
2297.632352	21.984131
2297.832320	22.014648
2298.032288	21.984131
2298.232256	22.106201
2298.432224	22.090942
2298.632192	22.380859
2298.832160	22.106201
2299.032128	22.213013
2299.232096	22.106201
2299.432064	22.213013
2299.632032	21.999390
2299.832000	22.151978
2300.031968	22.228271
2300.231936	22.243530
2300.431904	22.243530
2300.631872	22.319824
2300.831840	22.151978
2301.031808	22.258789
2301.231776	22.426636
2301.431744	22.304565
2301.631712	22.289307
2301.831680	22.243530
2302.031648	22.411377
2302.231616	22.441895
2302.431584	22.487671
2302.631552	22.457153
2302.831520	22.441895
2303.031488	22.441895
2303.231456	22.457153
2303.431424	22.533447
2303.631392	22.548706
2303.831360	22.548706
2304.031328	22.335083
2304.231296	22.533447
2304.431264	22.579224
2304.631232	22.533447
2304.831200	22.518188
2305.031168	22.579224
2305.231136	22.518188
2305.431104	22.579224
2305.631072	22.548706
2305.831040	22.518188
2306.031008	22.579224
2306.230976	22.548706
2306.430944	22.594482
2306.630912	22.609741
2306.830880	22.548706
2307.030848	22.609741
2307.230816	22.594482
2307.430784	22.533447
2307.630752	22.640259
2307.830720	22.670776
2308.030688	22.747070
2308.230656	22.762329
2308.430624	22.609741
2308.630592	22.579224
2308.830560	22.625000
2309.030528	22.701294
2309.230496	22.563965
2309.430464	22.670776
2309.630432	22.731812
2309.830400	22.579224
2310.030368	22.792847
2310.230336	22.701294
2310.430304	22.930176
2310.630272	22.670776
2310.830240	22.747070
2311.030208	22.945435
2311.230176	22.686035
2311.430144	22.792847
2311.630112	22.838623
2311.830080	22.792847
2312.030048	22.792847
2312.230016	22.914917
2312.429984	22.777588
2312.629952	22.731812
2312.829920	22.792847
2313.029888	22.930176
2313.229856	22.914917
2313.429824	22.853882
2313.629792	22.914917
2313.829760	22.991211
2314.029728	22.869141
2314.229696	22.777588
2314.429664	22.808105
2314.629632	22.823364
